query,searched,scroll_ahead,id
الأردن,False,0,0
أخبار فلسطين,False,0,1
اجتماعات,False,0,2
مجلات,False,0,3
قناة الحرة,False,0,4
بودكاست عمان,False,0,5
أخبار البحرين,False,0,6
أخبار المغرب,False,0,7
سكاي نيوز,False,0,8
فرانس,False,0,9
المغرب,False,0,10
بودكاست المملكة العربية السعودية,False,0,11
لبنان,False,0,12
تقارير,False,0,13
أخبار الكويت,False,0,14
الشؤون الجارية,False,0,15
تحقيقات,False,0,16
البودكاست الإمارات العربية المتحدة,False,0,17
أخبار جوية,False,0,18
أخبار عمان,False,0,19
البودكاست,False,0,20
الجزائر,False,0,21
قنوات,False,0,22
بودكاست لبنان,False,0,23
أخبار الإمارات العربية المتحدة,False,0,24
خبر,False,0,25
أخبار الأردن,False,0,26
ال مبس,False,0,27
تصريحات,False,0,28
السودان,False,0,29
بودكاست موريتانيا,False,0,30
أخبار العراق,False,0,31
سوريا,False,0,32
بودكاست الإمارات العربية المتحدة,False,0,33
بودكاست اليمن,False,0,34
الإعلام,False,0,35
البودكاست السعودية,False,0,36
قناة الشروق,False,0,37
بودكاست الكويت,False,0,38
عربية,False,0,39
البودكاست سوريا,False,0,40
بودكاست السودان,False,0,41
روسيا اليوم,False,0,42
موريتانيا,False,0,43
أخبار المملكة العربية السعودية,False,0,44
إعلام,False,0,45
إبلاغ,False,0,46
بودكاست العراق,False,0,47
تحقيق,False,0,48
أخبار تونس,False,0,49
اجتماع,False,0,50
الأحداث الجارية,False,0,51
البودكاست العراق,False,0,52
البودكاست البحرين,False,0,53
الإمارات العربية المتحدة,False,0,54
أحداث,False,0,55
روتانا خليجية,False,0,56
حدث,False,0,57
تقرير,False,0,58
عمان,False,0,59
نبأ,False,0,60
تصريح,False,0,61
قطر,False,0,62
أخبار ليبيا,False,0,63
الصحافة,False,0,64
البودكاست عمان,False,0,65
البودكاست إيران,False,0,66
أخبار موريتانيا,False,0,67
البحرين,False,0,68
جرائد,False,0,69
صحافة,False,0,70
بودكاست ليبيا,False,0,71
حديث,False,0,72
مقابلات,False,0,73
أنباء,False,0,74
تونس,False,0,75
البودكاست الأردن,False,0,76
مصر,False,0,77
بودكاست المغرب,False,0,78
جريدة,False,0,79
بي بي سي,False,0,80
العراق,False,0,81
بودكاست تونس,False,0,82
مجلة,False,0,83
أخبار سوريا,False,0,84
أحاديث,False,0,85
خبر عاجل,False,0,86
بودكاست مصر,False,0,87
بث,False,0,88
محطة,False,0,89
أخبار لبنان,False,0,90
بودكاست البحرين,False,0,91
أخبار,False,0,92
أخبار رياضية,False,0,93
بودكاست فلسطين,False,0,94
أخبار قطر,False,0,95
ليبيا,False,0,96
البودكاست اليمن,False,0,97
بودكاست سوريا,False,0,98
الجزيرة,False,0,99
البودكاست قطر,False,0,100
مقابلة,False,0,101
اليمن,False,0,102
بودكاست قطر,False,0,103
تلفزيون,False,0,104
القاهرة الإخبارية,False,0,105
البودكاست مصر,False,0,106
البودكاست الكويت,False,0,107
فلسطين,False,0,108
المملكة العربية السعودية,False,0,109
بودكاست الجزائر,False,0,110
الوسائل الإعلامية,False,0,111
أخبار الجزائر,False,0,112
أخبار السودان,False,0,113
بودكاست الأردن,False,0,114
الكويت,False,0,115
البودكاست المصرى,False,0,116
سياسة,False,0,117
العربية,False,0,118
أخبار مصر,False,0,119
البودكاست لبنان,False,0,120
سي إن إن,False,0,121
أخبار اليمن,False,0,122
إذاعة,False,0,123
قناة,False,0,124
سوريه,False,0,125
الامارات,False,0,126
السعوديه,False,0,127
المملكه,False,0,128
اربد,False,0,129
بالاردن,False,0,130
بيروت,False,0,131
الخليج,False,0,132
الاردنيه,False,0,133
بريطانيا,False,0,134
مادبا,False,0,135
سلطنه عمان,False,0,136
غزه,False,0,137
مؤتمرات,False,0,138
لقاءات,False,0,139
مشاورات,False,0,140
ندوات,False,0,141
اجتماع وزراء,False,0,142
زيارات,False,0,143
الاجتماعات,False,0,144
مباحثات,False,0,145
مؤتمر,False,0,146
باجتماعات,False,0,147
واجتماعات,False,0,148
الاجتماع,False,0,149
نشاطات,False,0,150
مناقشات,False,0,151
اجتماع مجلس,False,0,152
اتفاقات,False,0,153
اجتماعاته,False,0,154
المؤتمر,False,0,155
اجتماع طارئ,False,0,156
انشطه,False,0,157
جلسات,False,0,158
مداولات,False,0,159
اجتماعاتها,False,0,160
اجتماعا,False,0,161
ومجلات,False,0,162
المجلات,False,0,163
افلام,False,0,164
بروشورات,False,0,165
مجله,False,0,166
روايات,False,0,167
طبعات,False,0,168
كتب الكترونيه,False,0,169
مكتبات,False,0,170
برامج,False,0,171
مقالات,False,0,172
وبرامج,False,0,173
مدونات,False,0,174
رسومات,False,0,175
جرايد,False,0,176
اكبر موسوعه,False,0,177
سيديات,False,0,178
كتيبات,False,0,179
ترجمات,False,0,180
اغلفه,False,0,181
افلام ومسلسلات,False,0,182
اشرطه,False,0,183
افلام كرتون,False,0,184
العاب,False,0,185
قناه فرانس,False,0,186
البي بي سي,False,0,187
الجزيره مباشر,False,0,188
قناه الجزيره,False,0,189
قناه المنار,False,0,190
شاشه الجزيره,False,0,191
قناه الميادين,False,0,192
السي بي سي,False,0,193
قناه الاخباريه,False,0,194
قناه دريم,False,0,195
قناه الراي,False,0,196
قناه اون تي,False,0,197
قناه التحرير,False,0,198
قناه مكملين,False,0,199
العاشره مساءا,False,0,200
قناه نسمه,False,0,201
اون تي,False,0,202
قناه المحور,False,0,203
قناه العربيه,False,0,204
القناه المصريه,False,0,205
الجزيره,False,0,206
قناه سكاي نيوز,False,0,207
برنامج العاشره مساء,False,0,208
احدي القنوات,False,0,209
قناه الحدث,False,0,210
فوكس نيوز,False,0,211
وسائل اعلام تركيه,False,0,212
مصادر اعلاميه,False,0,213
وكالات انباء,False,0,214
شبكه رصد,False,0,215
الجزيره نت,False,0,216
مصادر صحفيه,False,0,217
وسائل اعلام,False,0,218
وسكاي نيوز,False,0,219
ورويترز,False,0,220
نيوز,False,0,221
للمغرب,False,0,222
المملكه المغربيه,False,0,223
الاردن,False,0,224
بالمغرب,False,0,225
فرنسا,False,0,226
الدار البيضاء,False,0,227
مراكش,False,0,228
والمغرب,False,0,229
الرباط,False,0,230
وهران,False,0,231
اسبانيا,False,0,232
طنجه,False,0,233
سويسرا,False,0,234
السويد,False,0,235
المغرب العربي,False,0,236
العصر,False,0,237
مليليه,False,0,238
بلجيكا,False,0,239
جنوب افريقيا,False,0,240
اغادير,False,0,241
بلبنان,False,0,242
حزب الله,False,0,243
اميركا,False,0,244
تركيا,False,0,245
اسرائيل,False,0,246
ايران,False,0,247
جنوب لبنان,False,0,248
سوريا ولبنان,False,0,249
وثائق,False,0,250
وتقارير,False,0,251
معلومات,False,0,252
التقارير,False,0,253
مصادر,False,0,254
انباء,False,0,255
احصاءات,False,0,256
بيانات,False,0,257
احصائيات,False,0,258
تقديرات,False,0,259
تقارير اعلاميه,False,0,260
مزاعم,False,0,261
تسريبات,False,0,262
وثائق سريه,False,0,263
تقارير اخباريه,False,0,264
تقريرا,False,0,265
ابحاث,False,0,266
تقارير صحفيه,False,0,267
صحف,False,0,268
ومصادر,False,0,269
لتقارير,False,0,270
التحقيقات,False,0,271
تحقيقاتها,False,0,272
التحقيق,False,0,273
تحقيقات النيابه,False,0,274
تحريات,False,0,275
لجنه تحقيق,False,0,276
تفتح تحقيقا,False,0,277
محاكمه,False,0,278
تقرير لجنه,False,0,279
مستندات,False,0,280
قضيه,False,0,281
التحقيقات الاوليه,False,0,282
والتحقيقات,False,0,283
وجود شبهه,False,0,284
بتحقيقات,False,0,285
محاكمه المتهمين,False,0,286
التحقيق مع,False,0,287
بدء التحقيق,False,0,288
تبدا التحقيق,False,0,289
ملابسات,False,0,290
التحريات,False,0,291
قضايا فساد,False,0,292
البرنامج,False,0,293
بودكاست,False,0,294
عالم ابل,False,0,295
الايتونز,False,0,296
الموقع,False,0,297
الهاش تاق,False,0,298
التحديث,False,0,299
الجلبريك,False,0,300
الكيبورد العربي,False,0,301
المونتاج,False,0,302
البلوق,False,0,303
المدونه,False,0,304
الجيل بريك,False,0,305
الديمو,False,0,306
الايتيونز,False,0,307
اليوتيوب,False,0,308
هالموقع,False,0,309
الجيلبريك,False,0,310
الفلكر,False,0,311
التريلر,False,0,312
مدونتك,False,0,313
المعرض,False,0,314
البيتا,False,0,315
الماك,False,0,316
الايفون,False,0,317
المانيا,False,0,318
والجزائر,False,0,319
للجزائر,False,0,320
الجزاير,False,0,321
ايطاليا,False,0,322
الجزائرين,False,0,323
البرازيل,False,0,324
انجلترا,False,0,325
هولندا,False,0,326
كوت ديفوار,False,0,327
مالاوي,False,0,328
المنتخب الجزائري,False,0,329
انغولا,False,0,330
منتخب الجزائر,False,0,331
غانا,False,0,332
افريقيا,False,0,333
الكاميرون,False,0,334
قنواه,False,0,335
قناه,False,0,336
القنوات,False,0,337
وقنوات,False,0,338
فضائيات,False,0,339
قنوات فضائيه,False,0,340
قناتين,False,0,341
قنواتها,False,0,342
وقناه,False,0,343
قنات,False,0,344
جميع قنوات,False,0,345
القنوات الفضائيه,False,0,346
لقنوات,False,0,347
قناه اخباريه,False,0,348
القناه,False,0,349
قنواتنا,False,0,350
قنواتهم,False,0,351
بقنوات,False,0,352
القنوات المصريه,False,0,353
قناه فضائيه,False,0,354
والقنوات,False,0,355
اذاعات,False,0,356
جميع القنوات,False,0,357
قنوات الجزيره,False,0,358
الخبر,False,0,359
خبرر,False,0,360
وخبر,False,0,361
بخبر,False,0,362
هالخبر,False,0,363
لخبر,False,0,364
خبر حصري,False,0,365
اخبار,False,0,366
موضوع,False,0,367
الاخبار,False,0,368
خبر كاذب,False,0,369
تنشر خبر,False,0,370
قرار,False,0,371
اشاعه,False,0,372
ايميل,False,0,373
كخبر,False,0,374
اعلان,False,0,375
مقطع,False,0,376
الخبر الاكيد,False,0,377
تصريح رسمي,False,0,378
خبرها,False,0,379
خبرين,False,0,380
نبا,False,0,381
بيان,False,0,382
حال الديره,False,0,383
محليات,False,0,384
جريده الغد,False,0,385
الصحافه العربيه,False,0,386
جريده النهار,False,0,387
سيدر نيوز,False,0,388
الغد الاردني,False,0,389
وطن نيوز,False,0,390
اخبار محليه,False,0,391
عربي ودولي,False,0,392
مصرس,False,0,393
نافذه لبنان,False,0,394
الشاميه نيوز,False,0,395
موقع العشيره,False,0,396
زاد الاردن,False,0,397
الدرر الشاميه,False,0,398
العربيه نيوز,False,0,399
ايجي فيديو,False,0,400
سعورس,False,0,401
دوليات,False,0,402
القبس,False,0,403
الاخبار انفو,False,0,404
كويت تويتر,False,0,405
اخبار اقتصاديه,False,0,406
صحراء ميديا,False,0,407
تصريحاته,False,0,408
وتصريحات,False,0,409
بتصريحات,False,0,410
التصريحات,False,0,411
اتهامات,False,0,412
ادعاءات,False,0,413
تهديدات,False,0,414
لتصريحات,False,0,415
تصريحات وزير,False,0,416
التصريحات التي,False,0,417
وتصريحاته,False,0,418
تصريحاتها,False,0,419
تصاريح,False,0,420
انتقادات,False,0,421
مداخله,False,0,422
بسبب تصريحات,False,0,423
استفزازات,False,0,424
بعد تصريحاته,False,0,425
خطابات,False,0,426
قرارات,False,0,427
تصريحاتهم,False,0,428
الخرطوم,False,0,429
جنوب السودان,False,0,430
دارفور,False,0,431
تشاد,False,0,432
جوبا,False,0,433
كينيا,False,0,434
اثيوبيا,False,0,435
باكستان,False,0,436
الصومال,False,0,437
اوكرانيا,False,0,438
بوروندي,False,0,439
شمال السودان,False,0,440
النيجر,False,0,441
بالسودان,False,0,442
الصين,False,0,443
الشام,False,0,444
حلب,False,0,445
العراق وسوريا,False,0,446
وسوريا,False,0,447
بسوريا,False,0,448
حمص,False,0,449
دمشق,False,0,450
سوريا والعراق,False,0,451
السورين,False,0,452
سوريا واليمن,False,0,453
الغوطه,False,0,454
الاحواز,False,0,455
الشام والعراق,False,0,456
بلاد الشام,False,0,457
الزبداني,False,0,458
والاعلام,False,0,459
اعلامنا,False,0,460
الاعلام الرسمي,False,0,461
ا ع م,False,0,462
الاعلام الرياضي,False,0,463
الراي العام,False,0,464
اعلام,False,0,465
ا علام,False,0,466
الاعلام المصري,False,0,467
الاعلام العربي,False,0,468
بالاعلام,False,0,469
النظام,False,0,470
اعلامهم,False,0,471
الصحافه,False,0,472
الاعلام الفاسد,False,0,473
للاعلام,False,0,474
فالاعلام,False,0,475
الاعلام المرئي,False,0,476
المجتمع,False,0,477
الاعلام الغربي,False,0,478
اعلامه,False,0,479
وسائل الاعلام,False,0,480
الاعلام الحكومي,False,0,481
الاع م,False,0,482
الجمهور,False,0,483
دويتشه فيله,False,0,484
الجارديان,False,0,485
الاندبندنت,False,0,486
نيويورك تايمز,False,0,487
اسوشيتد برس,False,0,488
القدس العربي,False,0,489
واشنطن بوست,False,0,490
بلومبرج,False,0,491
ول ستريت جورنال,False,0,492
موسكو,False,0,493
يورونيوز,False,0,494
صحيفه امريكيه,False,0,495
المعارضه الليبيه,False,0,496
واشنطن,False,0,497
الغارديان,False,0,498
فرانس برس,False,0,499
صحيفه اسرائيليه,False,0,500
صحيفه المانيه,False,0,501
الولايات المتحده,False,0,502
نواكشوط,False,0,503
قرغيزستان,False,0,504
كردستان العراق,False,0,505
سريلانكا,False,0,506
كوسوفو,False,0,507
اوغندا,False,0,508
الصحراء الغربيه,False,0,509
اذربيجان,False,0,510
الكونغو,False,0,511
مقديشو,False,0,512
واعلام,False,0,513
الاعلام,False,0,514
اع م,False,0,515
اعلامي,False,0,516
اعلامين,False,0,517
صحافه,False,0,518
وصحافه,False,0,519
لاعلام,False,0,520
باعلام,False,0,521
اعلامها,False,0,522
جمهور,False,0,523
واعلامهم,False,0,524
اعلام العار,False,0,525
اعلام فاسد,False,0,526
مرتزقه,False,0,527
ارهاب,False,0,528
تبليغ,False,0,529
وابلاغ,False,0,530
الابلاغ,False,0,531
ابلاغنا,False,0,532
التبليغ,False,0,533
والابلاغ,False,0,534
الابلاغ عن,False,0,535
التنسيق مع,False,0,536
معاقبه,False,0,537
رفع الحظر,False,0,538
ابلاغي,False,0,539
رفع الحجب,False,0,540
ابلاغه,False,0,541
بالابلاغ,False,0,542
التاكد,False,0,543
ابلاغها,False,0,544
بابلاغ,False,0,545
توقيفهم,False,0,546
تعميم,False,0,547
مراسلته,False,0,548
الغاء متابعه,False,0,549
التكرم,False,0,550
مقاضاه,False,0,551
التنويه,False,0,552
ريبورت,False,0,553
لتحقيق,False,0,554
وتحقيق,False,0,555
احراز,False,0,556
تحقق,False,0,557
بتحقيق,False,0,558
تحقيقه,False,0,559
نحقق,False,0,560
يحقق,False,0,561
تحقيقها,False,0,562
الوصول,False,0,563
الحصول,False,0,564
تحقيق الاهداف,False,0,565
اسقاط,False,0,566
اقصاء,False,0,567
تقديم,False,0,568
تغير,False,0,569
المضي قدما,False,0,570
التقدم,False,0,571
ستحقق,False,0,572
الاستمرار,False,0,573
الحفاظ,False,0,574
بلوغ,False,0,575
ارساء,False,0,576
افشال,False,0,577
انجاز,False,0,578
عقد اجتماع,False,0,579
باجتماع,False,0,580
الاجتماع الاول,False,0,581
لاجتماع,False,0,582
مؤتمر صحفي,False,0,583
لقاء,False,0,584
اجتماع وزاري,False,0,585
اجتماعهم,False,0,586
موتمر,False,0,587
اجتماع لمجلس,False,0,588
اجتماعه,False,0,589
يعقد اجتماع,False,0,590
اجتماع استثنائي,False,0,591
واجتماع,False,0,592
حوار,False,0,593
لحضور اجتماع,False,0,594
للاجتماع,False,0,595
اجتماعها,False,0,596
الاحداث الاخيره,False,0,597
الاوضاع الحاليه,False,0,598
انتهاكات حقوق الانسان,False,0,599
الاحداث الراهنه,False,0,600
الوضع الراهن,False,0,601
تطورات الاحداث,False,0,602
الاوضاع السياسيه,False,0,603
الاحداث السياسيه,False,0,604
احداث العنف,False,0,605
التطورات,False,0,606
احداث البحرين,False,0,607
الاحداث,False,0,608
حادث اختفاء الطائره,False,0,609
الاحداث الداميه,False,0,610
التعتيم الاعلامي,False,0,611
مجريات الاحداث,False,0,612
تطورات الاوضاع,False,0,613
التدخلات الايرانيه,False,0,614
تطورات الوضع,False,0,615
اخر المستجدات,False,0,616
العمليات الارهابيه,False,0,617
الوضع الحالي,False,0,618
الانتهاكات,False,0,619
الايام القليله الماضيه,False,0,620
احداث العباسيه,False,0,621
ابوظبي,False,0,622
دوله الامارات,False,0,623
راس الخيمه,False,0,624
اماره دبي,False,0,625
العربيه المتحده,False,0,626
الامارات العربيه,False,0,627
الامارا,False,0,628
دوله الامارات العربيه,False,0,629
الامار,False,0,630
المتحده,False,0,631
المملكه المتحده,False,0,632
المنطقه الغربيه,False,0,633
دوله قطر,False,0,634
السعوديه والكويت,False,0,635
خورفكان,False,0,636
عجمان,False,0,637
الولايات المتحده الامريكيه,False,0,638
الممكله,False,0,639
الشارقه,False,0,640
الاتحاد للطيران,False,0,641
السلطنه,False,0,642
واحداث,False,0,643
لاحداث,False,0,644
باحداث,False,0,645
وقائع,False,0,646
احداثا,False,0,647
احداثها,False,0,648
تفجيرات,False,0,649
حادثه,False,0,650
احداث شغب,False,0,651
تطورات,False,0,652
والاحداث,False,0,653
مذبحه,False,0,654
احداث عنف,False,0,655
مواقف,False,0,656
حوادث,False,0,657
كوارث,False,0,658
مشاهد,False,0,659
احداثه,False,0,660
للاحداث,False,0,661
مجزره,False,0,662
جرائم,False,0,663
ماحدث,False,0,664
التي حدثت,False,0,665
قناه دليل,False,0,666
برنامج ياهلا,False,0,667
الوطن بلس,False,0,668
قناه الرساله,False,0,669
قناه ابوظبي,False,0,670
سما دبي,False,0,671
قناه المرقاب,False,0,672
قناه روتانا,False,0,673
خطي العرب,False,0,674
تلفزيون الراي,False,0,675
قناه لاين سبورت,False,0,676
الوطن بلاس,False,0,677
قناه الصحراء,False,0,678
قناه المجد,False,0,679
قناه ماسه,False,0,680
برو سبورت,False,0,681
تلفزيون الوطن,False,0,682
تلفزيون قطر,False,0,683
روتاناخليجيه,False,0,684
برنامج كوره,False,0,685
العلياني,False,0,686
روتانا,False,0,687
قناه الكاس,False,0,688
القناه الاولي,False,0,689
قناه الوطن,False,0,690
يحدث,False,0,691
حصل,False,0,692
سيحدث,False,0,693
يحصل,False,0,694
شاهدناه,False,0,695
تحدث,False,0,696
رايناه,False,0,697
نشاهده,False,0,698
تم نشره,False,0,699
مايحدث,False,0,700
حدثت,False,0,701
يجري,False,0,702
سيحصل,False,0,703
سيكون,False,0,704
فعلته,False,0,705
احداث,False,0,706
شهدته,False,0,707
جري,False,0,708
قدمته,False,0,709
بحدث,False,0,710
نشهده,False,0,711
فعلوه,False,0,712
يفعله,False,0,713
ماحصل,False,0,714
وتقرير,False,0,715
كشف تقرير,False,0,716
تقريري,False,0,717
وثائقي,False,0,718
مقال,False,0,719
التقرير,False,0,720
فيديو,False,0,721
فيلم وثائقي,False,0,722
تقرير خاص,False,0,723
تقرير اخباري,False,0,724
بحث,False,0,725
بتقرير,False,0,726
تقرير شامل,False,0,727
كاريكاتير,False,0,728
اظهر تقرير,False,0,729
تقرير مصور,False,0,730
تقريره,False,0,731
تقرير صادر,False,0,732
مسقط,False,0,733
دبي,False,0,734
جرش,False,0,735
الدوحه,False,0,736
الرياض,False,0,737
الكرك,False,0,738
بعمان,False,0,739
صلاله,False,0,740
عجلون,False,0,741
الامارت,False,0,742
ونبا,False,0,743
نبي,False,0,744
نبغي,False,0,745
بنبا,False,0,746
خبر استشهاد,False,0,747
نشتي,False,0,748
سمعنا,False,0,749
نباء,False,0,750
تنفي خبر,False,0,751
طلبنا,False,0,752
نبغا,False,0,753
قررنا,False,0,754
ينفي خبر,False,0,755
تم تاكيد,False,0,756
الخبر عن,False,0,757
ونبغي,False,0,758
نفي خبر,False,0,759
ونجي,False,0,760
بغينا,False,0,761
امدانا,False,0,762
نسمع خبر,False,0,763
خطاب,False,0,764
بتصريح,False,0,765
تصريحه,False,0,766
التصريح,False,0,767
وتصريح,False,0,768
تهديد,False,0,769
يصرح,False,0,770
بيان رسمي,False,0,771
تعليق,False,0,772
اتهام,False,0,773
استجواب,False,0,774
موقف,False,0,775
لقاء تلفزيوني,False,0,776
وقطر,False,0,777
امريكا,False,0,778
السعوديه وقطر,False,0,779
السعوديه والامارات,False,0,780
دول الخليج,False,0,781
ا مارات,False,0,782
ابو ظبي,False,0,783
الامارات وقطر,False,0,784
والامارات,False,0,785
الصحف,False,0,786
والصحافه,False,0,787
الصحيفه,False,0,788
صحافتنا,False,0,789
الصحافه الالكترونيه,False,0,790
للصحافه,False,0,791
الرياضه,False,0,792
احدي الصحف,False,0,793
الجماهير,False,0,794
السياسه,False,0,795
الثقافه,False,0,796
والصحف,False,0,797
الاداره,False,0,798
المخابرات,False,0,799
صحفنا,False,0,800
النخب,False,0,801
الصحافه المصريه,False,0,802
الصحفين,False,0,803
الحكومه,False,0,804
الصحفيه,False,0,805
جريده الوطن,False,0,806
بالبحرين,False,0,807
القطيف,False,0,808
مملكه البحرين,False,0,809
المحرق,False,0,810
الكويت والبحرين,False,0,811
العواميه,False,0,812
والبحرين,False,0,813
المنامه,False,0,814
للبحرين,False,0,815
فالبحرين,False,0,816
الوفاق,False,0,817
الجرائد,False,0,818
وصحف,False,0,819
الجرايد,False,0,820
جريده,False,0,821
وجرايد,False,0,822
مراسلين,False,0,823
الصحف والمجلات,False,0,824
رؤساء تحرير,False,0,825
نشرات,False,0,826
مانشيتات,False,0,827
ومقالات,False,0,828
اعلانات وظائف,False,0,829
مواقع اخباريه,False,0,830
صحفيه,False,0,831
صحيفه,False,0,832
بصحف,False,0,833
لصحف,False,0,834
الاهرام,False,0,835
سياسه,False,0,836
مؤسسات حقوقيه,False,0,837
اعلاميه,False,0,838
جريده الكترونيه,False,0,839
وجريده,False,0,840
وصحيفه,False,0,841
الحديث,False,0,842
وحديث,False,0,843
بحديث,False,0,844
احاديث,False,0,845
حديثا,False,0,846
لحديث,False,0,847
الاحاديث,False,0,848
حديثي,False,0,849
حديثه,False,0,850
والحديث,False,0,851
يتحدث,False,0,852
للحديث,False,0,853
كلام,False,0,854
كتاب,False,0,855
نقاش,False,0,856
حديثك,False,0,857
ماقاله,False,0,858
لفظ,False,0,859
حديثنا,False,0,860
ماورد,False,0,861
مقابله,False,0,862
ومقابلات,False,0,863
مداخلات,False,0,864
لقاءت,False,0,865
المقابلات,False,0,866
ورش عمل,False,0,867
مراجعات,False,0,868
لقائات,False,0,869
مسابقات,False,0,870
حسابات,False,0,871
تغطيه,False,0,872
بعثات,False,0,873
مباريات,False,0,874
احصائيه,False,0,875
حوارات,False,0,876
استفتاءات,False,0,877
مسرحيات,False,0,878
وانباء,False,0,879
انباء غير مؤكده,False,0,880
تاكيدات,False,0,881
الانباء,False,0,882
انباء عن,False,0,883
شائعات,False,0,884
معلومات مؤكده,False,0,885
انباء مؤكده,False,0,886
اخبار مؤكده,False,0,887
الاخبار الوارده,False,0,888
الانباء الوارده,False,0,889
مصادر امنيه,False,0,890
مصادر مطلعه,False,0,891
مصادر موثوقه,False,0,892
والانباء,False,0,893
مصادر خاصه,False,0,894
انباء تؤكد,False,0,895
طرابلس,False,0,896
شمال افريقيا,False,0,897
مصر وتونس,False,0,898
بتونس,False,0,899
التونسيه,False,0,900
حركه النهضه,False,0,901
بالجزائر,False,0,902
غينيا,False,0,903
البلد,False,0,904
ومصر,False,0,905
التحرير,False,0,906
بورسعيد,False,0,907
مصر الان,False,0,908
المصرين,False,0,909
بمصر,False,0,910
لمصر,False,0,911
بلدنا,False,0,912
القاهره,False,0,913
السويس,False,0,914
سيناء,False,0,915
الثوره,False,0,916
اسكندريه,False,0,917
سينا,False,0,918
بجريده,False,0,919
بصحيفه,False,0,920
لجريده,False,0,921
لصحيفه,False,0,922
رئيس تحرير صحيفه,False,0,923
رئيس تحرير جريده,False,0,924
الجريده,False,0,925
بمجله,False,0,926
جريده الاهرام,False,0,927
رئيس تحرير,False,0,928
جريده الانباء,False,0,929
مدير تحرير,False,0,930
جريده الراي,False,0,931
جريده الوفد,False,0,932
مانشيت,False,0,933
العربيه نت,False,0,934
قناه الحره,False,0,935
راديو سوا,False,0,936
التلفزيون الاسرائيلي,False,0,937
سيريانيوز,False,0,938
روبرت فيسك,False,0,939
يديعوت احرونوت,False,0,940
ويكيليكس,False,0,941
بغداد,False,0,942
بالعراق,False,0,943
الفلوجه,False,0,944
افغانستان,False,0,945
والعراق,False,0,946
للعراق,False,0,947
الموصل,False,0,948
كردستان,False,0,949
جنوب العراق,False,0,950
العراقين,False,0,951
لمجله,False,0,952
ومجله,False,0,953
المجله,False,0,954
مدونه,False,0,955
غلاف مجله,False,0,956
مجله سيدتي,False,0,957
اكاديميه,False,0,958
العدد الجديد,False,0,959
شبكه,False,0,960
مؤسسه,False,0,961
العدد الاول,False,0,962
مكتبه,False,0,963
جورنال,False,0,964
اذاعه,False,0,965
مسابقه,False,0,966
العدد الثاني,False,0,967
وكاله,False,0,968
باحاديث,False,0,969
واحاديث,False,0,970
لاحاديث,False,0,971
حكايا,False,0,972
نصوص,False,0,973
رسائل,False,0,974
قصص,False,0,975
كلمات,False,0,976
عبارات,False,0,977
قصائد,False,0,978
حكايات,False,0,979
احاديثا,False,0,980
والاحاديث,False,0,981
بعض الاحاديث,False,0,982
تفاسير,False,0,983
حروفا,False,0,984
خرافات,False,0,985
اقوالا,False,0,986
رويات,False,0,987
عاجل,False,0,988
خبرعاجل,False,0,989
رسميا,False,0,990
عاجل وخاص,False,0,991
اعلان هام,False,0,992
خبر هام,False,0,993
عاجل وحصري,False,0,994
خبر مؤكد,False,0,995
هام,False,0,996
عاجل وهام,False,0,997
سكوب نيوز,False,0,998
تنويه,False,0,999
هام وعاجل,False,0,1000
بيان هام,False,0,1001
تاكيد خبر,False,0,1002
ع اجل,False,0,1003
وبث,False,0,1004
تبث,False,0,1005
يبث,False,0,1006
ببث,False,0,1007
لبث,False,0,1008
بثها,False,0,1009
بثه,False,0,1010
بث قناه,False,0,1011
البث,False,0,1012
يبثون,False,0,1013
والبث,False,0,1014
نشر,False,0,1015
التي تبث,False,0,1016
ويبث,False,0,1017
سيبث,False,0,1018
اذاعتها,False,0,1019
وتبث,False,0,1020
ترويج,False,0,1021
البث المباشر,False,0,1022
وقف بث,False,0,1023
عدم اذاعه,False,0,1024
التشويش,False,0,1025
بث حي,False,0,1026
محطات,False,0,1027
ومحطه,False,0,1028
المحطه,False,0,1029
بمحطه,False,0,1030
لمحطه,False,0,1031
محطه كهرباء,False,0,1032
محطتين,False,0,1033
منطقه,False,0,1034
محطه قطار,False,0,1035
ميناء,False,0,1036
المحطات,False,0,1037
محطه مترو,False,0,1038
مترو,False,0,1039
جسر,False,0,1040
ومحطات,False,0,1041
بنزينه,False,0,1042
مطار,False,0,1043
مناقصه,False,0,1044
عربه,False,0,1045
قاطره,False,0,1046
لمحطات,False,0,1047
محطه توليد,False,0,1048
محطه بنزين,False,0,1049
قطارات,False,0,1050
المنطقه الصناعيه,False,0,1051
واخبار,False,0,1052
اخر الاخبار,False,0,1053
لاخبار,False,0,1054
باخبار,False,0,1055
اخبار عاجله,False,0,1056
اخبارها,False,0,1057
اخبار رياضيه,False,0,1058
واخبارها,False,0,1059
اهم الاخبار,False,0,1060
مستجدات,False,0,1061
اخبارنا,False,0,1062
واخر اخبار,False,0,1063
للاخبار,False,0,1064
اخب ار,False,0,1065
اخبار مصر,False,0,1066
اخبار الرياضه,False,0,1067
كورابيا,False,0,1068
امجدل,False,0,1069
اخبار الكره العالميه,False,0,1070
كوره,False,0,1071
اخبار عالميه,False,0,1072
اخبار الرياضه شامل,False,0,1073
يوروسبورت,False,0,1074
انفراد سبورت,False,0,1075
رصد الرياضيه,False,0,1076
الاخبار الرياضيه,False,0,1077
فرانس فوتبول,False,0,1078
صحيفه سبورت,False,0,1079
رياضه,False,0,1080
الوطن رياضه,False,0,1081
مواعيد مباريات,False,0,1082
الجزيره رياضه,False,0,1083
كالتشيو,False,0,1084
ميدسو,False,0,1085
ميدو,False,0,1086
فيفا,False,0,1087
بنغازي,False,0,1088
مصراته,False,0,1089
بليبيا,False,0,1090
بني وليد,False,0,1091
درنه,False,0,1092
وليبيا,False,0,1093
الليبين,False,0,1094
البلاد,False,0,1095
ورشفانه,False,0,1096
والجزيره,False,0,1097
الجزيره الرياضيه,False,0,1098
العربيه,False,0,1099
الجزيزه,False,0,1100
الجزير,False,0,1101
قناه الجزيره الرياضيه,False,0,1102
الحزيره,False,0,1103
المنار,False,0,1104
الجزيره القطريه,False,0,1105
مقابلته,False,0,1106
لقاء صحفي,False,0,1107
المقابله,False,0,1108
مناظره,False,0,1109
مقابله تلفزيونيه,False,0,1110
مقابلتي,False,0,1111
حلقه,False,0,1112
مداخله هاتفيه,False,0,1113
جلسه,False,0,1114
حوار صحفي,False,0,1115
زياره,False,0,1116
بمقابله,False,0,1117
مقابله خاصه,False,0,1118
مقابلتها,False,0,1119
مداخلته,False,0,1120
صنعاء,False,0,1121
عدن,False,0,1122
الجنوب,False,0,1123
مارب,False,0,1124
حضرموت,False,0,1125
الحوثين,False,0,1126
صعده,False,0,1127
باليمن,False,0,1128
تعز,False,0,1129
جنوب اليمن,False,0,1130
الحوثي,False,0,1131
شمال اليمن,False,0,1132
اليمنين,False,0,1133
الجنوب العربي,False,0,1134
لليمن,False,0,1135
واليمن,False,0,1136
التحالف,False,0,1137
شبوه,False,0,1138
الشعب اليمني,False,0,1139
تليفزيون,False,0,1140
تلفزون,False,0,1141
التلفزيون,False,0,1142
وتلفزيون,False,0,1143
بتلفزيون,False,0,1144
تلفزيونات,False,0,1145
رسيفر,False,0,1146
ريسيفر,False,0,1147
لتلفزيون,False,0,1148
شاشه,False,0,1149
ام بي سي,False,0,1150
تلفاز,False,0,1151
مراسل,False,0,1152
سينما,False,0,1153
القناه الثانيه,False,0,1154
الشوتايم,False,0,1155
شوتايم,False,0,1156
مذيع,False,0,1157
القدس,False,0,1158
الضفه,False,0,1159
وفلسطين,False,0,1160
الاقصي,False,0,1161
فلسطين المحتله,False,0,1162
وغزه,False,0,1163
بفلسطين,False,0,1164
الجولان,False,0,1165
والقدس,False,0,1166
فلسطين الحبيبه,False,0,1167
لفلسطين,False,0,1168
المملكه العربيه,False,0,1169
دوله الكويت,False,0,1170
مملكتنا,False,0,1171
المنطقه الشرقيه,False,0,1172
العربيه السعوديه,False,0,1173
مملكتنا الغاليه,False,0,1174
بلاد الحرمين,False,0,1175
دولتنا,False,0,1176
الخليج العربي,False,0,1177
الجزيره العربيه,False,0,1178
المملكه في,False,0,1179
لكويت,False,0,1180
والكويت,False,0,1181
بالكويت,False,0,1182
الكوبت,False,0,1183
الجهراء,False,0,1184
فالكويت,False,0,1185
المملكه العربيه السعوديه,False,0,1186
الكويت الحبيبه,False,0,1187
ديرتنا,False,0,1188
للكويت,False,0,1189
الديره,False,0,1190
وسياسه,False,0,1191
سياسات,False,0,1192
بسياسه,False,0,1193
ثقافه,False,0,1194
حكومه,False,0,1195
ديكتاتوريه,False,0,1196
اجنده,False,0,1197
استراتيجيه,False,0,1198
سياستها,False,0,1199
سياسيه,False,0,1200
سياسه الدوله,False,0,1201
خطه,False,0,1202
فرق تسد,False,0,1203
ديمقراطيه,False,0,1204
مبادئ,False,0,1205
معارضه,False,0,1206
استراتجيه,False,0,1207
انظمه,False,0,1208
قوانين,False,0,1209
اجندات,False,0,1210
سياسته,False,0,1211
سياستهم,False,0,1212
سياسي,False,0,1213
المصريه,False,0,1214
الخليجيه,False,0,1215
الفرنسيه,False,0,1216
الاجنبيه,False,0,1217
والعربيه,False,0,1218
التركيه,False,0,1219
الاوروبيه,False,0,1220
الغربيه,False,0,1221
المحليه,False,0,1222
الامريكيه,False,0,1223
العبريه,False,0,1224
العالميه,False,0,1225
عربيه,False,0,1226
السوريه,False,0,1227
الوطنيه,False,0,1228
القطريه,False,0,1229
الالمانيه,False,0,1230
المغاربيه,False,0,1231
الافريقيه,False,0,1232
الاسلاميه,False,0,1233
الليبيه,False,0,1234
الاوربيه,False,0,1235
الكويتيه,False,0,1236
اليوم السابع,False,0,1237
برس نيوز,False,0,1238
البوابه نيوز,False,0,1239
اهم الانباء,False,0,1240
شبكه خبر,False,0,1241
الجورنالجي,False,0,1242
صحافه القاهره,False,0,1243
اخبار يوم بيوم,False,0,1244
المصري اليوم,False,0,1245
صدي البلد,False,0,1246
المرصد المصري,False,0,1247
رصد,False,0,1248
اعلام كاذب,False,0,1249
بوابه فيتو,False,0,1250
اخبار حصري,False,0,1251
مصراوي,False,0,1252
منتديات المطاريد,False,0,1253
اخبار اليمن,False,0,1254
بوابه الاهرام,False,0,1255
الاقباط متحدون,False,0,1256
صحافه نت,False,0,1257
اخباراليمن,False,0,1258
المؤتمر نت,False,0,1259
اخبار اليمن العاجله,False,0,1260
مارب برس,False,0,1261
يمن برس,False,0,1262
المشهد اليمني,False,0,1263
التغير نت,False,0,1264
يافع نيوز,False,0,1265
شاهد بالصوره,False,0,1266
المصدر اونلاين,False,0,1267
نداء الاخب,False,0,1268
يمن فويس,False,0,1269
اكرم الجولحي,False,0,1270
موسوعه اليمن الاخباريه,False,0,1271
صحيفه الحدث,False,0,1272
مصرع شقيقي,False,0,1273
محافظ عدن,False,0,1274
جماعه الحوثي,False,0,1275
يمنات,False,0,1276
وكاله خبر,False,0,1277
محافظه تعز,False,0,1278
العاجله,False,0,1279
لاذاعه,False,0,1280
راديو,False,0,1281
واذاعه,False,0,1282
اذاعه صوت,False,0,1283
باذاعه,False,0,1284
عبر اذاعه,False,0,1285
الاذاعه,False,0,1286
اداعه,False,0,1287
لقناه,False,0,1288
الاذاعي,False,0,1289
وراديو,False,0,1290
افتتاح قناه,False,0,1291
ردايو,False,0,1292
راديوا,False,0,1293
بقناه,False,0,1294
قتاه,False,0,1295
فقناه,False,0,1296
قناتي,False,0,1297
فضائيه,False,0,1298
قناتها,False,0,1299
الفضائيه,False,0,1300
